3
Can be trusted again
1 2 3 4 5 6 7 8 9 10 11 12 13 14 15
1 2 3 4 5 6 7 8 9 10 11 12 13 14 15
1 2 3 4 5 6 7 8 9 10 11 12 13 14 15
1 2 3 4 5 6 7 8 9 10 11 12 13 14 15
1 2 3 4 5 6 7 8 9 10 11 12 13 14 15
1 2 3 4 5 6 7 8 9 10 11 12 13 14 15
1 2 3 4 5 6 7 8 9 10 11 12 13 14 15
1 2 3 4 5 6 7 8 9 10 11 12 13 14 15
1 2 3 4 5 6 7 8 9 10 11 12 13 14 15
1 2 3 4 5 6 7 8 9 10 11 12 13 14 15
We can not repair computers
5 5 10 10 15 15 20 20 25 25 25 25 30 30 30
5 5 10 10 15 15 20 20 25 25 25 25 30 30 30
5 5 10 10 15 15 20 20 25 25 25 25 30 30 30
5 5 10 10 15 15 20 20 25 25 25 25 30 30 30
5 5 10 10 15 15 20 20 25 25 25 25 30 30 30
5 5 10 10 15 15 20 20 25 25 25 25 30 30 30
5 5 10 10 15 15 20 20 25 25 25 25 30 30 30
5 5 10 10 15 15 20 20 25 25 25 25 30 30 30
5 5 10 10 15 15 20 20 25 25 25 25 30 30 30
5 5 10 10 15 15 20 20 25 25 25 25 30 30 30
   
5 5 10 10 15 15 20 20 25 25 25 25 30 30 30
5 5 10 10 15 15 20 20 25 25 25 25 30 30 30
5 5 10 10 15 15 20 20 25 25 25 25 30 30 30
5 5 10 10 15 15 20 20 25 25 25 25 30 30 30
5 5 10 10 15 15 20 20 25 25 25 25 30 30 30
5 5 10 10 15 15 20 20 25 25 25 25 30 30 30
5 5 10 10 15 15 20 20 25 25 25 25 30 30 30
5 5 10 10 15 15 20 20 25 25 25 25 30 30 30
5 5 10 10 15 15 20 20 25 25 25 25 30 30 30
5 5 10 10 15 15 20 20 25 25 25 25 30 30 30
